4294967279,98
4294967279,97
4294967279,218
4294967279,101
4294967279,100
4294967279,99
4294967279,228
4294967278,227
4294967279,226
4294967278,225
4294967279,223
4294967278,222
4294967294,469
4294967279,221
21,5
4294967279,219
4294967279,220
4294967279,104
4294967279,102
4294967278,217
4294967279,103
4294967278,215
4294967279,111
4294967279,110
4294967279,109
4294967279,108
4294967279,107
4294967279,106
4294967279,105
4294967278,329
4294967278,210
4294967278,324
4294967278,323
4294967278,321
4294967278,204
4294967278,260
4294967279,123
4294967279,122
4294967279,121
4294967279,120
4294967279,119
4294967279,118
4294967279,117
4294967279,116
4294967279,115
4294967279,114
4294967279,113
4294967279,112
4294967279,569
4294967278,320
4294967278,382
4294967279,568
4294967278,350
4294967278,194
56,6
56,5
56,4
56,3
56,2
56,1
4294967278,318
4294967279,312
4294967279,311
4294967278,187
4294967294,37
4294967278,381
4294967279,186
4294967279,184
4294967279,181
55,6
4294967279,183
55,5
4294967278,182
55,4
55,2
55,1
4294967279,308
4294967278,380
4294967279,532
4294967278,342
4294967279,567
4294967278,314
32,1
4294967278,4
4294967279,132
4294967279,131
4294967279,130
4294967279,129
4294967279,128
4294967279,127
4294967279,126
4294967279,125
4294967279,124
4294967278,313
4294967279,306
4294967294,1419
4294967294,1418
4294967279,172
4294967279,169
4294967279,171
4294967278,169
4294967278,340
4294967279,530
52,6
52,5
4294967278,167
4294967279,167
4294967278,166
21,1
4294967278,12
4294967278,11
4294967278,10
4294967278,9
4294967278,8
4294967278,7
4294967278,6
4294967278,5
4294967278,33
4294967278,32
4294967278,301
4294967278,30
4294967278,292
4294967278,29
4294967278,291
4294967278,28
4294967278,27
4294967278,26
4294967278,25
4294967278,24
4294967278,23
4294967278,22
4294967278,21
4294967278,20
4294967278,19
4294967278,18
4294967278,17
4294967278,16
4294967278,15
4294967278,14
4294967278,13
4294967279,260
4294967278,164
4294967279,164
4294967279,161
4294967278,163
4294967279,163
4294967278,162
4294967279,162
4294967278,161
4294967278,379
4294967279,160
4294967278,157
4294967294,397
4294967294,408
4294967294,396
4294967294,177
4294967294,385
4294967294,148
4294967294,191
4294967294,414
4294967294,167
4294967294,108
4294967294,169
4294967294,119
4294967294,109
4294967279,159
4294967279,529
4294967278,307
52,7
52,0
52,4
4294967278,339
4294967279,566
4294967278,378
4294967279,547
4294967278,306
4294967279,290
4294967278,152
4294967278,151
4294967279,150
4294967278,148
4294967278,150
4294967279,149
4294967278,149
52,2
52,1
4294967278,294
4294967279,148
4294967279,288
4294967278,305
4294967278,31
50,4
4294967278,146
4294967279,145
4294967278,143
4294967278,293
4294967278,145
4294967279,144
4294967278,144
4294967279,143
4294967279,542
4294967279,545
4294967279,544
4294967279,272
4294967279,136
50,6
4294967279,133
4294967279,135
4294967279,134
50,3
50,2
50,1
4294967279,283
4294967278,34
4294967278,38
4294967278,37
4294967278,36
4294967278,35
4294967279,268
4294967279,282
4294967279,279
4294967279,280
4294967279,278
4294967278,44
4294967278,43
4294967278,42
4294967278,41
4294967278,40
4294967278,39
4294967279,264
4294967279,263
4294967279,262
4294967279,273
4294967279,257
4294967279,541
47,6
47,0
4294967279,550
4294967278,55
4294967278,54
4294967278,53
4294967278,52
4294967278,51
4294967278,50
4294967278,49
4294967278,48
4294967278,47
4294967278,46
4294967278,45
4294967279,73
4294967279,72
4294967279,274
4294967279,255
4294967294,196
4294967294,1005
4294967294,179
4294967294,999
4294967278,377
4294967278,257
4294967279,565
47,4
4294967294,386
4294967294,387
4294967279,564
4294967278,256
4294967279,563
4294967278,376
4294967278,332
4294967294,115
4294967278,255
4294967278,375
4294967278,330
4294967278,253
4294967294,89
4294967278,248
4294967278,250
47,3
47,2
47,1
4294967278,249
4294967278,247
4294967278,244
4294967278,238
4294967278,242
4294967278,240
4294967278,239
4294967278,374
45,4
4294967278,236
4294967278,373
4294967278,235
4294967279,70
4294967278,232
4294967278,228
4294967279,67
4294967279,66
4294967279,65
4294967279,64
4294967279,62
4294967279,60
4294967279,58
4294967279,56
4294967279,55
4294967279,53
4294967279,52
4294967279,51
4294967279,49
4294967278,223
4294967278,219
4294967278,216
4294967278,214
45,5
4294967278,213
45,3
45,2
45,1
4294967278,212
4294967278,327
4294967278,209
4294967278,208
4294967278,207
4294967278,206
43,4
4294967278,372
4294967279,562
4294967278,352
4294967278,351
4294967279,561
4294967278,371
4294967278,370
